DER614   5.75   20238549   16   20205830   17   20205844   14   20193373   10   20198922   12   20209968   15   20193769   7   20226271   19   20239652   5   20194050   6   20195340   13   20236102   12
INF505   5   20237059   12   20235440   7   20233583   11   20213075   19   20233816   17   20231938   10   20193984   7   20216619   14   20197155   18   20196536   8   20207741   14
ART294   3   20226455   19   20195340   14   20205864   9   20212697   5   20197378   20   20222575   9   20198845   10   20205844   18   20193769   19   20235440   13   20195244   5
ARQ671   4.25   20194050   10   20219566   12   20196536   13   20195244   13   20236905   19   20207741   20   20198069   6   20208971   17   20205830   7   20221873   12   20227724   14   20222575   16   20191754   18   20193769   14
INF350   4.5   20238246   6   20193573   17   20195979   8   20202687   8   20219566   8   20218679   8   20208940   14   20197378   13   20192298   17   20233816   5   20198434   16   20224165   5
ARQ552   3.5   20191754   18   20213075   13   20198069   17   20198845   7   20193573   17   20218376   18   20211892   13   20235440   17   20193373   9   20193012   9   20205830   15   20239652   15   20198434   20   20217328   15   20193984   17
ARQ848   3.75   20213075   6   20236102   6   20226455   11   20208971   13   20227724   11   20202687   17   20197155   8   20193373   7   20198608   17
INF231   5.25   20209968   8   20193490   8   20218679   5   20198922   19   20193012   13   20207053   8   20202031   19   20239652   13   20197378   5   20198608   6   20205844   15   20217328   13   20219566   17   20221873   5
ARQ537   4.75   20237059   5   20197557   11   20235440   18   20208971   12   20193769   14   20213075   12   20195340   17   20205864   14   20191754   12   20195979   15   20233583   13
ART750   5.5   20209968   10   20195340   11   20226455   6   20238549   9   20224165   7   20196245   18   20219566   15   20229272   16   20226271   5   20193984   11   20192298   11   20197374   20   20197378   7   20195244   14   20193769   18
INF917   5.75   20193490   15   20195979   17   20198922   16   20213075   9   20221873   20   20194050   17   20222575   18   20226455   5   20202031   9   20236453   18   20208940   11   20226271   11   20193984   7   20193769   9   20208175   8   20205864   19   20224223   19
DER234   5.5   20193769   6   20197155   5   20236905   14   20215248   7   20218376   10   20195979   8   20219990   14   20197557   7   20192298   5   20238246   20   20198608   11   20216619   15   20191754   13   20195340   10   20231938   6   20224165   15   20194050   7   20208940   15
DER590   3   20196536   11   20198922   12   20193891   14   20205830   14   20216619   13   20202031   14   20212697   13   20236102   20   20211892   13   20195764   9   20193490   8   20219566   16   20213075   15   20198069   13   20236905   19   20193012   9   20238549   14   20208971   7   20195340   5   20236453   17
ARQ555   5.5   20196536   20   20236102   10   20222575   7   20194050   15   20233583   10   20215248   11   20197557   8   20238549   8
ARQ121   4.25   20235440   14   20193373   10   20198608   15   20218376   7   20191754   6   20227724   9   20207053   5   20193891   10   20202031   7
DER248   5   20215248   11   20233583   9   20207053   14   20193373   17   20218376   10   20197155   13   20217328   7   20193769   8   20218679   19   20236453   5   20197378   20   20231152   8   20239652   6   20211892   11   20198069   7   20235440   20   20231938   14   20197374   20   20196245   12   20222575   6
ART421   5.75   20236453   20   20236102   17   20238246   15   20239652   20   20196245   14   20197155   12   20208940   8   20198434   18   20229272   12   20193373   20   20198845   20   20226271   8   20216619   16   20195979   5   20219566   20   20193490   15   20191754   20   20238549   13   20205864   10   20205830   13
ART581   5.5   20215248   8   20207741   20   20221873   17   20226271   11   20208971   12   20195979   18   20193769   15   20231152   10   20192298   8   20195764   5   20193012   9   20217328   12   20213075   9   20227724   16   20202687   5   20226455   17   20207053   12
INF193   4.75   20198922   20   20207741   6   20219990   12   20208175   14   20197557   12   20229272   9   20195979   20   20217328   11
ARQ970   3.25   20208971   14   20208175   15   20211892   10   20193769   11   20233816   15   20198608   8   20195764   5   20193373   14   20193012   16   20198434   15
ART909   5   20197378   11   20212697   18   20216619   20   20217328   18   20195244   13   20205844   17   20193373   13   20196245   13   20218376   14   20221873   15   20231938   7   20193769   8   20195764   9   20239652   17   20195340   14   20193490   20   20236905   10   20215248   12   20236453   18   20224223   18
ART853   3   20198069   6   20197374   5   20218679   14   20193984   15   20197557   11   20198845   15   20193769   6   20229272   18   20202687   16   20197378   13   20195764   7   20192298   14
INF510   3.75   20198608   18   20207741   19   20192298   13   20219566   20   20222575   14   20236453   6   20236102   10   20238246   8
ART227   4.5   20231152   15   20219990   19   20195244   14   20198069   7   20209968   9   20211892   9   20191754   11   20222575   17   20218679   15   20193490   7   20196245   8   20236905   12   20198845   5   20231938   12   20205844   5   20195979   10
DER413   5   20198434   5   20219990   13   20233583   5   20197557   16   20197378   13   20205844   5   20208175   14   20236453   12   20233816   6   20224165   6   20236102   11   20198845   10   20193769   9   20213075   20   20226271   19   20193012   7   20229272   18   20207053   12   20208971   11
ART116   5   20239652   6   20236453   6   20233583   7   20226455   7   20212697   17   20193490   7   20237059   15   20207053   6   20235440   11   20195340   8   20224165   7   20193573   12   20229272   20   20198922   5   20238549   20   20218376   17   20193769   11   20219566   12   20211892   19
ARQ811   5.75   20205844   19   20195764   16   20219566   10   20198845   20   20193769   20   20224165   10   20208971   10   20233583   12   20218679   13   20193984   9   20207053   16   20216619   10   20198922   8
ART803   5.75   20198434   19   20205864   14   20193769   9   20194050   7   20226271   9   20193012   16   20238246   8   20239652   11   20227724   6   20207053   13   20238549   14   20195764   17   20217328   14   20229272   14
DER977   3.75   20193984   6   20226271   16   20197378   9   20212697   6   20233816   6   20198434   15   20202031   8   20224165   14   20196245   18   20194050   9   20229272   11   20218679   16   20193490   16   20193891   9   20208971   19
ART248   4.75   20198922   17   20212697   19   20198608   20   20236905   10   20197374   6   20205844   5   20194050   10   20235440   17   20233816   20   20208940   9   20208175   9   20224165   6   20208971   16   20215248   20   20237059   10   20195764   6   20219566   12   20202687   7   20233583   9   20197557   8
DER527   5.25   20196245   18   20194050   5   20209968   12   20195244   10   20198845   11   20198608   19   20217328   5   20207741   8   20216619   5   20213075   12   20236102   16   20219566   17
DER481   4.25   20198434   17   20213075   6   20233816   12   20222575   15   20202687   17   20196245   16   20238246   7   20229272   19   20236102   20   20195340   15   20205830   8   20236453   13   20226455   8   20221873   9   20215248   18   20193012   6   20193373   12
DER893   4.5   20219566   18   20205864   13   20233583   15   20207741   20   20192298   5   20193012   13   20222575   9   20193373   19
ARQ586   3.75   20235440   7   20222575   7   20195340   9   20196536   15   20231938   20   20191754   5   20218679   19   20239652   8   20193012   18   20197155   5
ARQ556   4.5   20205864   16   20197557   20   20191754   15   20231938   16   20211892   16   20202031   18   20195979   18   20231152   6   20196536   10   20235440   13   20198922   14   20202687   15   20216619   19   20193984   6   20222575   16   20224165   14   20193891   17   20208940   10   20212697   10   20194050   20
ART940   4   20236453   9   20209968   9   20195340   15   20226271   20   20198845   20   20222575   12   20195979   19   20218376   7   20219990   7
ART276   3   20197378   16   20193012   7   20217328   17   20205830   15   20238246   15   20224165   16   20218376   19   20205844   16   20213075   19   20219566   6   20193769   20   20194050   7
DER745   4.5   20215248   13   20198845   19   20193573   5   20213075   12   20229272   17   20211892   18   20226455   6   20198069   19   20235440   11   20226271   8   20221873   12   20197378   16   20231938   10   20238246   10
ARQ309   4   20197374   12   20208940   6   20202031   11   20219566   9   20193891   19   20208175   20   20233816   19   20218679   15   20213075   15   20235440   19   20198608   12   20238246   19   20194050   20   20237059   5   20198845   7   20202687   9   20197378   17   20216619   6   20196245   13   20205864   14
ART721   3   20207741   11   20193573   20   20229272   7   20193490   6   20224223   12   20216619   12   20231938   6   20231152   8   20198434   10   20208940   12   20208971   13   20192298   8   20193891   12
ART978   4.25   20196536   19   20236453   9   20239652   16   20196245   13   20226455   8   20193373   6   20231152   17   20237059   18   20195979   17   20211892   17   20227724   17   20229272   20   20217328   11   20216619   14
INF887   5.5   20211892   11   20218376   16   20196245   20   20192298   19   20198922   7   20195764   7   20195979   12   20233816   20
DER482   4.5   20233583   20   20236905   18   20224165   11   20218679   14   20196536   12   20217328   11   20219566   5   20212697   5   20197374   12   20237059   14
ART499   4.5   20195244   13   20191754   12   20202687   20   20205844   14   20218679   17   20195340   8   20222575   11   20197557   7   20237059   5   20197378   15   20193373   19   20207053   11   20216619   15   20226271   16
DER399   3   20212697   7   20227724   12   20211892   5   20224165   16   20238549   10   20239652   6   20198845   10   20195244   16   20198922   10   20238246   17   20196245   10   20194050   12   20231938   12   20208175   17   20215248   18   20218679   6   20226271   16   20192298   19   20198434   18   20224223   17
DER389   5   20236905   12   20218376   6   20227724   12   20198069   17   20193769   13   20198845   12   20237059   16   20236102   9   20221873   6   20208940   9   20197155   19   20198434   20
ART296   3.75   20205864   9   20226455   7   20229272   19   20198922   7   20197378   11   20207741   6   20212697   9   20193769   7   20193891   12   20193984   7   20231938   16   20233816   18   20198434   18   20193490   9   20195764   6   20194050   19   20205830   18   20195244   18   20198608   11
ARQ661   3.25   20208971   13   20219990   10   20231938   6   20236905   14   20194050   11   20198608   13   20193891   11   20197155   12   20193490   20   20193012   7   20205830   10   20192298   10   20205844   20   20196536   19   20226271   7   20211892   10   20198434   20   20191754   9
DER969   5.25   20233816   13   20226455   15   20236102   17   20221873   9   20236453   12   20216619   14   20205844   7   20196245   8   20195764   5   20198434   16
ARQ897   4.25   20218376   19   20219566   10   20193490   18   20235440   16   20231938   13   20212697   8   20231152   14   20233816   7   20218679   8   20195340   14   20197378   18   20237059   17   20227724   5   20197155   14   20193373   16   20192298   6   20198608   5   20222575   17   20233583   6   20198922   10
ART317   5   20198922   19   20231938   14   20226455   8   20219990   16   20209968   9   20236905   16   20238549   20   20193769   13   20194050   12   20205844   19   20229272   6   20191754   6   20233583   17
ARQ504   4.5   20197557   13   20215248   9   20202031   20   20219566   11   20197378   13   20226455   6   20198922   20   20193769   8   20211892   16   20193891   13   20195244   19   20198069   6   20238246   19   20231938   10   20238549   12   20231152   6
ART224   5.75   20205844   14   20193891   18   20191754   10   20222575   8   20239652   20   20195979   18   20233583   18   20197374   13   20233816   12   20202031   11   20205830   17   20215248   5   20235440   15   20221873   16   20208175   19   20218376   8   20224223   15
ARQ479   4.5   20198069   8   20194050   16   20222575   15   20219990   18   20236905   13   20193891   18   20196245   10   20193373   18   20229272   14   20207053   5   20208175   5   20227724   19   20193490   7   20191754   6   20193573   11
INF506   3.25   20198069   14   20222575   6   20192298   13   20227724   10   20239652   11   20197557   11   20236453   20   20205844   19   20205830   9   20226271   9   20198434   7   20193573   20   20229272   20   20196536   6   20191754   7   20233583   8
ARQ134   5.25   20212697   20   20227724   5   20202687   17   20193490   17   20208971   14   20219566   8   20207053   15   20236453   15   20224165   17   20218376   8
ARQ475   3.75   20219566   6   20221873   20   20193891   14   20198608   15   20195764   18   20205830   9   20198434   10   20235440   17   20198069   5   20198922   12   20218376   19   20208940   18   20207053   18   20202687   17   20193769   9   20208175   6   20229272   14
INF255   4.75   20233583   20   20219566   20   20218679   17   20219990   8   20207741   7   20233816   10   20208175   14   20229272   14   20239652   16   20205864   18   20231938   17   20195979   19   20194050   14   20193012   15   20213075   13   20215248   10   20209968   13   20227724   10   20235440   8
ART396   4.25   20193573   20   20195764   12   20208940   16   20193984   6   20211892   6   20227724   13   20198922   10   20213075   5   20215248   12   20226455   10   20195340   15
ARQ841   4.75   20209968   15   20193012   10   20239652   20   20218376   19   20205830   18   20222575   11   20213075   9   20224165   15   20193891   15   20193490   6   20218679   11   20231938   9   20221873   9   20202687   12   20226455   16
ART675   3.75   20212697   7   20196245   7   20202687   13   20198608   11   20219566   15   20238549   5   20207053   8   20197557   13
ART949   3.5   20212697   8   20196245   11   20202687   18   20198608   16   20219566   16   20238549   19   20207053   5   20197557   9   20226271   8   20195764   7   20208175   16
INF264   5   20233583   19   20198069   15   20195244   7   20218376   20   20196245   11   20208940   14   20236453   18   20208175   9   20231938   11   20218679   10   20207053   15
INF918   3   20193573   5   20192298   20   20226271   14   20198922   19   20227724   11   20193490   13   20202031   12   20208175   12
ART510   4.75   20218679   15   20222575   20   20202031   15   20208175   15   20191754   13   20227724   10   20198069   15   20236453   11   20195979   10   20208940   14   20197378   15   20202687   15   20211892   5   20207741   19   20195244   9

